{"cells":[{"cell_type":"markdown","metadata":{},"source":["# Multicollinearity of Features - Lab"]},{"cell_type":"markdown","metadata":{},"source":["## Introduction\n","\n","In this lab, you'll identify multicollinearity in the Ames Housing dataset."]},{"cell_type":"markdown","metadata":{},"source":["## Objectives\n","You will be able to:\n","* Create a scatter matrix and correlation matrix\n","* Assess Intpret the output of a correlation matrix\n","* Identify if variables are exhibiting collinearity\n","* Decide how to address the collinearity in the data set"]},{"cell_type":"markdown","metadata":{},"source":["## Correlation matrix for the Ames Housing data"]},{"cell_type":"markdown","metadata":{},"source":["### Import data"]},{"cell_type":"markdown","metadata":{},"source":["Let's reimport the Ames Housing data assign the numeric variables we want to keep to `numeric_vars`."]},{"cell_type":"code","execution_count":2,"metadata":{},"outputs":[],"source":["import pandas as pd\n","import numpy as np\n","import matplotlib.pyplot as plt\n","%matplotlib inline\n","\n","pd.options.display.max_columns = 999\n","pd.options.display.max_rows = 999\n","\n","ames = pd.read_csv('ames.csv')\n","\n","numeric_vars = ['LotFrontage', 'LotArea', 'BsmtFinSF1', 'BsmtFinSF2', 'BsmtUnfSF',\n","                'TotalBsmtSF', '1stFlrSF', '2ndFlrSF','LowQualFinSF', 'GrLivArea',\n","                'BsmtFullBath', 'BsmtHalfBath', 'FullBath', 'HalfBath', 'BedroomAbvGr',\n","                'KitchenAbvGr', 'TotRmsAbvGrd', 'Fireplaces', 'GarageYrBlt', 'GarageCars',\n","                'GarageArea', 'WoodDeckSF', 'OpenPorchSF', 'EnclosedPorch', '3SsnPorch',\n","                'ScreenPorch', 'PoolArea']"]},{"cell_type":"markdown","metadata":{},"source":["### Create processed\n","Create a new dataframe named `ames_preprocessed` that contains only the features in `numeric_vars`."]},{"cell_type":"code","execution_count":3,"metadata":{},"outputs":[],"source":["# create single dataframe called ames_preprocessed\n","ames_p = ames.loc[:,numeric_vars]"]},{"cell_type":"markdown","metadata":{},"source":["## Scatter matrix\n","Create the scatter matrix for the Ames Housing data. This takes a few minutes to load!"]},{"cell_type":"code","execution_count":3,"metadata":{},"outputs":[],"source":["# use pd.plotting.scatter_matrix\n","# pd.plotting.scatter_matrix(ames_p)\n","# plt.show()"]},{"cell_type":"markdown","metadata":{},"source":["The scatter matrix took a while to load and is hard to read. Run the code below to see if adjusting some of the visualization settings helps. "]},{"cell_type":"code","execution_count":4,"metadata":{},"outputs":[],"source":["# sm = pd.plotting.scatter_matrix(ames_p, figsize=[20, 20]);\n","\n","# # Rotates the text\n","# [s.xaxis.label.set_rotation(90) for s in sm.reshape(-1)]\n","# [s.yaxis.label.set_rotation(0) for s in sm.reshape(-1)]\n","\n","# #May need to offset label when rotating to prevent overlap of figure\n","# [s.get_yaxis().set_label_coords(-1,0.5) for s in sm.reshape(-1)]\n","\n","# #Hide all ticks\n","# [s.set_xticks(()) for s in sm.reshape(-1)]\n","# [s.set_yticks(()) for s in sm.reshape(-1)]\n","\n","# plt.show()"]},{"cell_type":"code","execution_count":6,"metadata":{},"outputs":[],"source":["#__Solution__\n","sm = pd.plotting.scatter_matrix(ames_p, figsize=[20, 20]);\n","\n","# Rotates the text\n","[s.xaxis.label.set_rotation(90) for s in sm.reshape(-1)]\n","[s.yaxis.label.set_rotation(0) for s in sm.reshape(-1)]\n","\n","#May need to offset label when rotating to prevent overlap of figure\n","[s.get_yaxis().set_label_coords(-1,0.5) for s in sm.reshape(-1)]\n","\n","#Hide all ticks\n","[s.set_xticks(()) for s in sm.reshape(-1)]\n","[s.set_yticks(()) for s in sm.reshape(-1)]\n","\n","plt.show()"]},{"cell_type":"markdown","metadata":{},"source":["The enhanced plot demonstrates that with larger datasets, scatter matricies become less useful. Through careful examination of the matrix it's clear that `TotRmsAbvGrd` seems correlated with `GrLivArea`, but how easy to use would this matrix if a dataset has hundreds or thousands of variables? Also visual approach to finding correlation cannot be automated, so a numeric approach is a good next step."]},{"cell_type":"markdown","metadata":{},"source":["## Correlation matrix"]},{"cell_type":"markdown","metadata":{},"source":["Next, create and look at the correlation matrix: "]},{"cell_type":"code","execution_count":4,"metadata":{},"outputs":[{"output_type":"execute_result","data":{"text/plain":"               LotFrontage   LotArea  BsmtFinSF1  BsmtFinSF2  BsmtUnfSF  \\\nLotFrontage       1.000000  0.426095    0.233633    0.049900   0.132644   \nLotArea           0.426095  1.000000    0.214103    0.111170  -0.002618   \nBsmtFinSF1        0.233633  0.214103    1.000000   -0.050117  -0.495251   \nBsmtFinSF2        0.049900  0.111170   -0.050117    1.000000  -0.209294   \nBsmtUnfSF         0.132644 -0.002618   -0.495251   -0.209294   1.000000   \nTotalBsmtSF       0.392075  0.260833    0.522396    0.104810   0.415360   \n1stFlrSF          0.457181  0.299475    0.445863    0.097117   0.317987   \n2ndFlrSF          0.080177  0.050986   -0.137079   -0.099260   0.004469   \nLowQualFinSF      0.038469  0.004779   -0.064503    0.014807   0.028167   \nGrLivArea         0.402797  0.263116    0.208171   -0.009640   0.240257   \nBsmtFullBath      0.100949  0.158155    0.649212    0.158678  -0.422900   \nBsmtHalfBath     -0.007234  0.048046    0.067418    0.070948  -0.095804   \nFullBath          0.198769  0.126031    0.058543   -0.076444   0.288886   \nHalfBath          0.053532  0.014259    0.004262   -0.032148  -0.041118   \nBedroomAbvGr      0.263170  0.119690   -0.107355   -0.015728   0.166643   \nKitchenAbvGr     -0.006069 -0.017784   -0.081007   -0.040751   0.030086   \nTotRmsAbvGrd      0.352096  0.190015    0.044316   -0.035227   0.250647   \nFireplaces        0.266639  0.271364    0.260011    0.046921   0.051575   \nGarageYrBlt       0.070250 -0.024947    0.153484   -0.088011   0.190708   \nGarageCars        0.285691  0.154871    0.224054   -0.038264   0.214175   \nGarageArea        0.344997  0.180403    0.296970   -0.018227   0.183303   \nWoodDeckSF        0.088521  0.171698    0.204306    0.067898  -0.005316   \nOpenPorchSF       0.151972  0.084774    0.111761    0.003093   0.129005   \nEnclosedPorch     0.010700 -0.018340   -0.102303    0.036543  -0.002538   \n3SsnPorch         0.070029  0.020423    0.026451   -0.029993   0.020764   \nScreenPorch       0.041383  0.043160    0.062021    0.088871  -0.012579   \nPoolArea          0.206167  0.077672    0.140491    0.041709  -0.035092   \n\n               TotalBsmtSF  1stFlrSF  2ndFlrSF  LowQualFinSF  GrLivArea  \\\nLotFrontage       0.392075  0.457181  0.080177      0.038469   0.402797   \nLotArea           0.260833  0.299475  0.050986      0.004779   0.263116   \nBsmtFinSF1        0.522396  0.445863 -0.137079     -0.064503   0.208171   \nBsmtFinSF2        0.104810  0.097117 -0.099260      0.014807  -0.009640   \nBsmtUnfSF         0.415360  0.317987  0.004469      0.028167   0.240257   \nTotalBsmtSF       1.000000  0.819530 -0.174512     -0.033245   0.454868   \n1stFlrSF          0.819530  1.000000 -0.202646     -0.014241   0.566024   \n2ndFlrSF         -0.174512 -0.202646  1.000000      0.063353   0.687501   \nLowQualFinSF     -0.033245 -0.014241  0.063353      1.000000   0.134683   \nGrLivArea         0.454868  0.566024  0.687501      0.134683   1.000000   \nBsmtFullBath      0.307351  0.244671 -0.169494     -0.047143   0.034836   \nBsmtHalfBath     -0.000315  0.001956 -0.023855     -0.005842  -0.018918   \nFullBath          0.323722  0.380637  0.421378     -0.000710   0.630012   \nHalfBath         -0.048804 -0.119916  0.609707     -0.027080   0.415772   \nBedroomAbvGr      0.050450  0.127401  0.502901      0.105607   0.521270   \nKitchenAbvGr     -0.068901  0.068101  0.059306      0.007522   0.100063   \nTotRmsAbvGrd      0.285573  0.409516  0.616423      0.131185   0.825489   \nFireplaces        0.339519  0.410531  0.194561     -0.021272   0.461679   \nGarageYrBlt       0.322445  0.233449  0.070832     -0.036363   0.231197   \nGarageCars        0.434585  0.439317  0.183926     -0.094480   0.467247   \nGarageArea        0.486665  0.489782  0.138347     -0.067601   0.468997   \nWoodDeckSF        0.232019  0.235459  0.092165     -0.025444   0.247433   \nOpenPorchSF       0.247264  0.211671  0.208026      0.018251   0.330224   \nEnclosedPorch    -0.095478 -0.065292  0.061989      0.061081   0.009113   \n3SsnPorch         0.037384  0.056104 -0.024358     -0.004296   0.020643   \nScreenPorch       0.084489  0.088758  0.040606      0.026799   0.101510   \nPoolArea          0.126053  0.131525  0.081487      0.062157   0.170205   \n\n               BsmtFullBath  BsmtHalfBath  FullBath  HalfBath  BedroomAbvGr  \\\nLotFrontage        0.100949     -0.007234  0.198769  0.053532      0.263170   \nLotArea            0.158155      0.048046  0.126031  0.014259      0.119690   \nBsmtFinSF1         0.649212      0.067418  0.058543  0.004262     -0.107355   \nBsmtFinSF2         0.158678      0.070948 -0.076444 -0.032148     -0.015728   \nBsmtUnfSF         -0.422900     -0.095804  0.288886 -0.041118      0.166643   \nTotalBsmtSF        0.307351     -0.000315  0.323722 -0.048804      0.050450   \n1stFlrSF           0.244671      0.001956  0.380637 -0.119916      0.127401   \n2ndFlrSF          -0.169494     -0.023855  0.421378  0.609707      0.502901   \nLowQualFinSF      -0.047143     -0.005842 -0.000710 -0.027080      0.105607   \nGrLivArea          0.034836     -0.018918  0.630012  0.415772      0.521270   \nBsmtFullBath       1.000000     -0.147871 -0.064512 -0.030905     -0.150673   \nBsmtHalfBath      -0.147871      1.000000 -0.054536 -0.012340      0.046519   \nFullBath          -0.064512     -0.054536  1.000000  0.136381      0.363252   \nHalfBath          -0.030905     -0.012340  0.136381  1.000000      0.226651   \nBedroomAbvGr      -0.150673      0.046519  0.363252  0.226651      1.000000   \nKitchenAbvGr      -0.041503     -0.037944  0.133115 -0.068263      0.198597   \nTotRmsAbvGrd      -0.053275     -0.023836  0.554784  0.343415      0.676620   \nFireplaces         0.137928      0.028976  0.243671  0.203649      0.107570   \nGarageYrBlt        0.124553     -0.077464  0.484557  0.196785     -0.064518   \nGarageCars         0.131881     -0.020891  0.469672  0.219178      0.086106   \nGarageArea         0.179189     -0.024536  0.405656  0.163549      0.065253   \nWoodDeckSF         0.175315      0.040161  0.187703  0.108080      0.046854   \nOpenPorchSF        0.067341     -0.025324  0.259977  0.199740      0.093810   \nEnclosedPorch     -0.049911     -0.008555 -0.115093 -0.095317      0.041570   \n3SsnPorch         -0.000106      0.035114  0.035353 -0.004972     -0.024478   \nScreenPorch        0.023148      0.032121 -0.008106  0.072426      0.044300   \nPoolArea           0.067616      0.020025  0.049604  0.022381      0.070703   \n\n               KitchenAbvGr  TotRmsAbvGrd  Fireplaces  GarageYrBlt  \\\nLotFrontage       -0.006069      0.352096    0.266639     0.070250   \nLotArea           -0.017784      0.190015    0.271364    -0.024947   \nBsmtFinSF1        -0.081007      0.044316    0.260011     0.153484   \nBsmtFinSF2        -0.040751     -0.035227    0.046921    -0.088011   \nBsmtUnfSF          0.030086      0.250647    0.051575     0.190708   \nTotalBsmtSF       -0.068901      0.285573    0.339519     0.322445   \n1stFlrSF           0.068101      0.409516    0.410531     0.233449   \n2ndFlrSF           0.059306      0.616423    0.194561     0.070832   \nLowQualFinSF       0.007522      0.131185   -0.021272    -0.036363   \nGrLivArea          0.100063      0.825489    0.461679     0.231197   \nBsmtFullBath      -0.041503     -0.053275    0.137928     0.124553   \nBsmtHalfBath      -0.037944     -0.023836    0.028976    -0.077464   \nFullBath           0.133115      0.554784    0.243671     0.484557   \nHalfBath          -0.068263      0.343415    0.203649     0.196785   \nBedroomAbvGr       0.198597      0.676620    0.107570    -0.064518   \nKitchenAbvGr       1.000000      0.256045   -0.123936    -0.124411   \nTotRmsAbvGrd       0.256045      1.000000    0.326114     0.148112   \nFireplaces        -0.123936      0.326114    1.000000     0.046822   \nGarageYrBlt       -0.124411      0.148112    0.046822     1.000000   \nGarageCars        -0.050634      0.362289    0.300789     0.588920   \nGarageArea        -0.064433      0.337822    0.269141     0.564567   \nWoodDeckSF        -0.090130      0.165984    0.200019     0.224577   \nOpenPorchSF       -0.070091      0.234192    0.169405     0.228425   \nEnclosedPorch      0.037312      0.004151   -0.024822    -0.297003   \n3SsnPorch         -0.024600     -0.006683    0.011257     0.023544   \nScreenPorch       -0.051613      0.059383    0.184530    -0.075418   \nPoolArea          -0.014525      0.083757    0.095074    -0.014501   \n\n               GarageCars  GarageArea  WoodDeckSF  OpenPorchSF  EnclosedPorch  \\\nLotFrontage      0.285691    0.344997    0.088521     0.151972       0.010700   \nLotArea          0.154871    0.180403    0.171698     0.084774      -0.018340   \nBsmtFinSF1       0.224054    0.296970    0.204306     0.111761      -0.102303   \nBsmtFinSF2      -0.038264   -0.018227    0.067898     0.003093       0.036543   \nBsmtUnfSF        0.214175    0.183303   -0.005316     0.129005      -0.002538   \nTotalBsmtSF      0.434585    0.486665    0.232019     0.247264      -0.095478   \n1stFlrSF         0.439317    0.489782    0.235459     0.211671      -0.065292   \n2ndFlrSF         0.183926    0.138347    0.092165     0.208026       0.061989   \nLowQualFinSF    -0.094480   -0.067601   -0.025444     0.018251       0.061081   \nGrLivArea        0.467247    0.468997    0.247433     0.330224       0.009113   \nBsmtFullBath     0.131881    0.179189    0.175315     0.067341      -0.049911   \nBsmtHalfBath    -0.020891   -0.024536    0.040161    -0.025324      -0.008555   \nFullBath         0.469672    0.405656    0.187703     0.259977      -0.115093   \nHalfBath         0.219178    0.163549    0.108080     0.199740      -0.095317   \nBedroomAbvGr     0.086106    0.065253    0.046854     0.093810       0.041570   \nKitchenAbvGr    -0.050634   -0.064433   -0.090130    -0.070091       0.037312   \nTotRmsAbvGrd     0.362289    0.337822    0.165984     0.234192       0.004151   \nFireplaces       0.300789    0.269141    0.200019     0.169405      -0.024822   \nGarageYrBlt      0.588920    0.564567    0.224577     0.228425      -0.297003   \nGarageCars       1.000000    0.882475    0.226342     0.213569      -0.151434   \nGarageArea       0.882475    1.000000    0.224666     0.241435      -0.121777   \nWoodDeckSF       0.226342    0.224666    1.000000     0.058661      -0.125989   \nOpenPorchSF      0.213569    0.241435    0.058661     1.000000      -0.093079   \nEnclosedPorch   -0.151434   -0.121777   -0.125989    -0.093079       1.000000   \n3SsnPorch        0.035765    0.035087   -0.032771    -0.005842      -0.037305   \nScreenPorch      0.050494    0.051412   -0.074181     0.074304      -0.082864   \nPoolArea         0.020934    0.061047    0.073378     0.060762       0.054203   \n\n               3SsnPorch  ScreenPorch  PoolArea  \nLotFrontage     0.070029     0.041383  0.206167  \nLotArea         0.020423     0.043160  0.077672  \nBsmtFinSF1      0.026451     0.062021  0.140491  \nBsmtFinSF2     -0.029993     0.088871  0.041709  \nBsmtUnfSF       0.020764    -0.012579 -0.035092  \nTotalBsmtSF     0.037384     0.084489  0.126053  \n1stFlrSF        0.056104     0.088758  0.131525  \n2ndFlrSF       -0.024358     0.040606  0.081487  \nLowQualFinSF   -0.004296     0.026799  0.062157  \nGrLivArea       0.020643     0.101510  0.170205  \nBsmtFullBath   -0.000106     0.023148  0.067616  \nBsmtHalfBath    0.035114     0.032121  0.020025  \nFullBath        0.035353    -0.008106  0.049604  \nHalfBath       -0.004972     0.072426  0.022381  \nBedroomAbvGr   -0.024478     0.044300  0.070703  \nKitchenAbvGr   -0.024600    -0.051613 -0.014525  \nTotRmsAbvGrd   -0.006683     0.059383  0.083757  \nFireplaces      0.011257     0.184530  0.095074  \nGarageYrBlt     0.023544    -0.075418 -0.014501  \nGarageCars      0.035765     0.050494  0.020934  \nGarageArea      0.035087     0.051412  0.061047  \nWoodDeckSF     -0.032771    -0.074181  0.073378  \nOpenPorchSF    -0.005842     0.074304  0.060762  \nEnclosedPorch  -0.037305    -0.082864  0.054203  \n3SsnPorch       1.000000    -0.031436 -0.007992  \nScreenPorch    -0.031436     1.000000  0.051307  \nPoolArea       -0.007992     0.051307  1.000000  ","text/html":"<div>\n<style scoped>\n    .dataframe tbody tr th:only-of-type {\n        vertical-align: middle;\n    }\n\n    .dataframe tbody tr th {\n        vertical-align: top;\n    }\n\n    .dataframe thead th {\n        text-align: right;\n    }\n</style>\n<table border=\"1\" class=\"dataframe\">\n  <thead>\n    <tr style=\"text-align: right;\">\n      <th></th>\n      <th>LotFrontage</th>\n      <th>LotArea</th>\n      <th>BsmtFinSF1</th>\n      <th>BsmtFinSF2</th>\n      <th>BsmtUnfSF</th>\n      <th>TotalBsmtSF</th>\n      <th>1stFlrSF</th>\n      <th>2ndFlrSF</th>\n      <th>LowQualFinSF</th>\n      <th>GrLivArea</th>\n      <th>BsmtFullBath</th>\n      <th>BsmtHalfBath</th>\n      <th>FullBath</th>\n      <th>HalfBath</th>\n      <th>BedroomAbvGr</th>\n      <th>KitchenAbvGr</th>\n      <th>TotRmsAbvGrd</th>\n      <th>Fireplaces</th>\n      <th>GarageYrBlt</th>\n      <th>GarageCars</th>\n      <th>GarageArea</th>\n      <th>WoodDeckSF</th>\n      <th>OpenPorchSF</th>\n      <th>EnclosedPorch</th>\n      <th>3SsnPorch</th>\n      <th>ScreenPorch</th>\n      <th>PoolArea</th>\n    </tr>\n  </thead>\n  <tbody>\n    <tr>\n      <th>LotFrontage</th>\n      <td>1.000000</td>\n      <td>0.426095</td>\n      <td>0.233633</td>\n      <td>0.049900</td>\n      <td>0.132644</td>\n      <td>0.392075</td>\n      <td>0.457181</td>\n      <td>0.080177</td>\n      <td>0.038469</td>\n      <td>0.402797</td>\n      <td>0.100949</td>\n      <td>-0.007234</td>\n      <td>0.198769</td>\n      <td>0.053532</td>\n      <td>0.263170</td>\n      <td>-0.006069</td>\n      <td>0.352096</td>\n      <td>0.266639</td>\n      <td>0.070250</td>\n      <td>0.285691</td>\n      <td>0.344997</td>\n      <td>0.088521</td>\n      <td>0.151972</td>\n      <td>0.010700</td>\n      <td>0.070029</td>\n      <td>0.041383</td>\n      <td>0.206167</td>\n    </tr>\n    <tr>\n      <th>LotArea</th>\n      <td>0.426095</td>\n      <td>1.000000</td>\n      <td>0.214103</td>\n      <td>0.111170</td>\n      <td>-0.002618</td>\n      <td>0.260833</td>\n      <td>0.299475</td>\n      <td>0.050986</td>\n      <td>0.004779</td>\n      <td>0.263116</td>\n      <td>0.158155</td>\n      <td>0.048046</td>\n      <td>0.126031</td>\n      <td>0.014259</td>\n      <td>0.119690</td>\n      <td>-0.017784</td>\n      <td>0.190015</td>\n      <td>0.271364</td>\n      <td>-0.024947</td>\n      <td>0.154871</td>\n      <td>0.180403</td>\n      <td>0.171698</td>\n      <td>0.084774</td>\n      <td>-0.018340</td>\n      <td>0.020423</td>\n      <td>0.043160</td>\n      <td>0.077672</td>\n    </tr>\n    <tr>\n      <th>BsmtFinSF1</th>\n      <td>0.233633</td>\n      <td>0.214103</td>\n      <td>1.000000</td>\n      <td>-0.050117</td>\n      <td>-0.495251</td>\n      <td>0.522396</td>\n      <td>0.445863</td>\n      <td>-0.137079</td>\n      <td>-0.064503</td>\n      <td>0.208171</td>\n      <td>0.649212</td>\n      <td>0.067418</td>\n      <td>0.058543</td>\n      <td>0.004262</td>\n      <td>-0.107355</td>\n      <td>-0.081007</td>\n      <td>0.044316</td>\n      <td>0.260011</td>\n      <td>0.153484</td>\n      <td>0.224054</td>\n      <td>0.296970</td>\n      <td>0.204306</td>\n      <td>0.111761</td>\n      <td>-0.102303</td>\n      <td>0.026451</td>\n      <td>0.062021</td>\n      <td>0.140491</td>\n    </tr>\n    <tr>\n      <th>BsmtFinSF2</th>\n      <td>0.049900</td>\n      <td>0.111170</td>\n      <td>-0.050117</td>\n      <td>1.000000</td>\n      <td>-0.209294</td>\n      <td>0.104810</td>\n      <td>0.097117</td>\n      <td>-0.099260</td>\n      <td>0.014807</td>\n      <td>-0.009640</td>\n      <td>0.158678</td>\n      <td>0.070948</td>\n      <td>-0.076444</td>\n      <td>-0.032148</td>\n      <td>-0.015728</td>\n      <td>-0.040751</td>\n      <td>-0.035227</td>\n      <td>0.046921</td>\n      <td>-0.088011</td>\n      <td>-0.038264</td>\n      <td>-0.018227</td>\n      <td>0.067898</td>\n      <td>0.003093</td>\n      <td>0.036543</td>\n      <td>-0.029993</td>\n      <td>0.088871</td>\n      <td>0.041709</td>\n    </tr>\n    <tr>\n      <th>BsmtUnfSF</th>\n      <td>0.132644</td>\n      <td>-0.002618</td>\n      <td>-0.495251</td>\n      <td>-0.209294</td>\n      <td>1.000000</td>\n      <td>0.415360</td>\n      <td>0.317987</td>\n      <td>0.004469</td>\n      <td>0.028167</td>\n      <td>0.240257</td>\n      <td>-0.422900</td>\n      <td>-0.095804</td>\n      <td>0.288886</td>\n      <td>-0.041118</td>\n      <td>0.166643</td>\n      <td>0.030086</td>\n      <td>0.250647</td>\n      <td>0.051575</td>\n      <td>0.190708</td>\n      <td>0.214175</td>\n      <td>0.183303</td>\n      <td>-0.005316</td>\n      <td>0.129005</td>\n      <td>-0.002538</td>\n      <td>0.020764</td>\n      <td>-0.012579</td>\n      <td>-0.035092</td>\n    </tr>\n    <tr>\n      <th>TotalBsmtSF</th>\n      <td>0.392075</td>\n      <td>0.260833</td>\n      <td>0.522396</td>\n      <td>0.104810</td>\n      <td>0.415360</td>\n      <td>1.000000</td>\n      <td>0.819530</td>\n      <td>-0.174512</td>\n      <td>-0.033245</td>\n      <td>0.454868</td>\n      <td>0.307351</td>\n      <td>-0.000315</td>\n      <td>0.323722</td>\n      <td>-0.048804</td>\n      <td>0.050450</td>\n      <td>-0.068901</td>\n      <td>0.285573</td>\n      <td>0.339519</td>\n      <td>0.322445</td>\n      <td>0.434585</td>\n      <td>0.486665</td>\n      <td>0.232019</td>\n      <td>0.247264</td>\n      <td>-0.095478</td>\n      <td>0.037384</td>\n      <td>0.084489</td>\n      <td>0.126053</td>\n    </tr>\n    <tr>\n      <th>1stFlrSF</th>\n      <td>0.457181</td>\n      <td>0.299475</td>\n      <td>0.445863</td>\n      <td>0.097117</td>\n      <td>0.317987</td>\n      <td>0.819530</td>\n      <td>1.000000</td>\n      <td>-0.202646</td>\n      <td>-0.014241</td>\n      <td>0.566024</td>\n      <td>0.244671</td>\n      <td>0.001956</td>\n      <td>0.380637</td>\n      <td>-0.119916</td>\n      <td>0.127401</td>\n      <td>0.068101</td>\n      <td>0.409516</td>\n      <td>0.410531</td>\n      <td>0.233449</td>\n      <td>0.439317</td>\n      <td>0.489782</td>\n      <td>0.235459</td>\n      <td>0.211671</td>\n      <td>-0.065292</td>\n      <td>0.056104</td>\n      <td>0.088758</td>\n      <td>0.131525</td>\n    </tr>\n    <tr>\n      <th>2ndFlrSF</th>\n      <td>0.080177</td>\n      <td>0.050986</td>\n      <td>-0.137079</td>\n      <td>-0.099260</td>\n      <td>0.004469</td>\n      <td>-0.174512</td>\n      <td>-0.202646</td>\n      <td>1.000000</td>\n      <td>0.063353</td>\n      <td>0.687501</td>\n      <td>-0.169494</td>\n      <td>-0.023855</td>\n      <td>0.421378</td>\n      <td>0.609707</td>\n      <td>0.502901</td>\n      <td>0.059306</td>\n      <td>0.616423</td>\n      <td>0.194561</td>\n      <td>0.070832</td>\n      <td>0.183926</td>\n      <td>0.138347</td>\n      <td>0.092165</td>\n      <td>0.208026</td>\n      <td>0.061989</td>\n      <td>-0.024358</td>\n      <td>0.040606</td>\n      <td>0.081487</td>\n    </tr>\n    <tr>\n      <th>LowQualFinSF</th>\n      <td>0.038469</td>\n      <td>0.004779</td>\n      <td>-0.064503</td>\n      <td>0.014807</td>\n      <td>0.028167</td>\n      <td>-0.033245</td>\n      <td>-0.014241</td>\n      <td>0.063353</td>\n      <td>1.000000</td>\n      <td>0.134683</td>\n      <td>-0.047143</td>\n      <td>-0.005842</td>\n      <td>-0.000710</td>\n      <td>-0.027080</td>\n      <td>0.105607</td>\n      <td>0.007522</td>\n      <td>0.131185</td>\n      <td>-0.021272</td>\n      <td>-0.036363</td>\n      <td>-0.094480</td>\n      <td>-0.067601</td>\n      <td>-0.025444</td>\n      <td>0.018251</td>\n      <td>0.061081</td>\n      <td>-0.004296</td>\n      <td>0.026799</td>\n      <td>0.062157</td>\n    </tr>\n    <tr>\n      <th>GrLivArea</th>\n      <td>0.402797</td>\n      <td>0.263116</td>\n      <td>0.208171</td>\n      <td>-0.009640</td>\n      <td>0.240257</td>\n      <td>0.454868</td>\n      <td>0.566024</td>\n      <td>0.687501</td>\n      <td>0.134683</td>\n      <td>1.000000</td>\n      <td>0.034836</td>\n      <td>-0.018918</td>\n      <td>0.630012</td>\n      <td>0.415772</td>\n      <td>0.521270</td>\n      <td>0.100063</td>\n      <td>0.825489</td>\n      <td>0.461679</td>\n      <td>0.231197</td>\n      <td>0.467247</td>\n      <td>0.468997</td>\n      <td>0.247433</td>\n      <td>0.330224</td>\n      <td>0.009113</td>\n      <td>0.020643</td>\n      <td>0.101510</td>\n      <td>0.170205</td>\n    </tr>\n    <tr>\n      <th>BsmtFullBath</th>\n      <td>0.100949</td>\n      <td>0.158155</td>\n      <td>0.649212</td>\n      <td>0.158678</td>\n      <td>-0.422900</td>\n      <td>0.307351</td>\n      <td>0.244671</td>\n      <td>-0.169494</td>\n      <td>-0.047143</td>\n      <td>0.034836</td>\n      <td>1.000000</td>\n      <td>-0.147871</td>\n      <td>-0.064512</td>\n      <td>-0.030905</td>\n      <td>-0.150673</td>\n      <td>-0.041503</td>\n      <td>-0.053275</td>\n      <td>0.137928</td>\n      <td>0.124553</td>\n      <td>0.131881</td>\n      <td>0.179189</td>\n      <td>0.175315</td>\n      <td>0.067341</td>\n      <td>-0.049911</td>\n      <td>-0.000106</td>\n      <td>0.023148</td>\n      <td>0.067616</td>\n    </tr>\n    <tr>\n      <th>BsmtHalfBath</th>\n      <td>-0.007234</td>\n      <td>0.048046</td>\n      <td>0.067418</td>\n      <td>0.070948</td>\n      <td>-0.095804</td>\n      <td>-0.000315</td>\n      <td>0.001956</td>\n      <td>-0.023855</td>\n      <td>-0.005842</td>\n      <td>-0.018918</td>\n      <td>-0.147871</td>\n      <td>1.000000</td>\n      <td>-0.054536</td>\n      <td>-0.012340</td>\n      <td>0.046519</td>\n      <td>-0.037944</td>\n      <td>-0.023836</td>\n      <td>0.028976</td>\n      <td>-0.077464</td>\n      <td>-0.020891</td>\n      <td>-0.024536</td>\n      <td>0.040161</td>\n      <td>-0.025324</td>\n      <td>-0.008555</td>\n      <td>0.035114</td>\n      <td>0.032121</td>\n      <td>0.020025</td>\n    </tr>\n    <tr>\n      <th>FullBath</th>\n      <td>0.198769</td>\n      <td>0.126031</td>\n      <td>0.058543</td>\n      <td>-0.076444</td>\n      <td>0.288886</td>\n      <td>0.323722</td>\n      <td>0.380637</td>\n      <td>0.421378</td>\n      <td>-0.000710</td>\n      <td>0.630012</td>\n      <td>-0.064512</td>\n      <td>-0.054536</td>\n      <td>1.000000</td>\n      <td>0.136381</td>\n      <td>0.363252</td>\n      <td>0.133115</td>\n      <td>0.554784</td>\n      <td>0.243671</td>\n      <td>0.484557</td>\n      <td>0.469672</td>\n      <td>0.405656</td>\n      <td>0.187703</td>\n      <td>0.259977</td>\n      <td>-0.115093</td>\n      <td>0.035353</td>\n      <td>-0.008106</td>\n      <td>0.049604</td>\n    </tr>\n    <tr>\n      <th>HalfBath</th>\n      <td>0.053532</td>\n      <td>0.014259</td>\n      <td>0.004262</td>\n      <td>-0.032148</td>\n      <td>-0.041118</td>\n      <td>-0.048804</td>\n      <td>-0.119916</td>\n      <td>0.609707</td>\n      <td>-0.027080</td>\n      <td>0.415772</td>\n      <td>-0.030905</td>\n      <td>-0.012340</td>\n      <td>0.136381</td>\n      <td>1.000000</td>\n      <td>0.226651</td>\n      <td>-0.068263</td>\n      <td>0.343415</td>\n      <td>0.203649</td>\n      <td>0.196785</td>\n      <td>0.219178</td>\n      <td>0.163549</td>\n      <td>0.108080</td>\n      <td>0.199740</td>\n      <td>-0.095317</td>\n      <td>-0.004972</td>\n      <td>0.072426</td>\n      <td>0.022381</td>\n    </tr>\n    <tr>\n      <th>BedroomAbvGr</th>\n      <td>0.263170</td>\n      <td>0.119690</td>\n      <td>-0.107355</td>\n      <td>-0.015728</td>\n      <td>0.166643</td>\n      <td>0.050450</td>\n      <td>0.127401</td>\n      <td>0.502901</td>\n      <td>0.105607</td>\n      <td>0.521270</td>\n      <td>-0.150673</td>\n      <td>0.046519</td>\n      <td>0.363252</td>\n      <td>0.226651</td>\n      <td>1.000000</td>\n      <td>0.198597</td>\n      <td>0.676620</td>\n      <td>0.107570</td>\n      <td>-0.064518</td>\n      <td>0.086106</td>\n      <td>0.065253</td>\n      <td>0.046854</td>\n      <td>0.093810</td>\n      <td>0.041570</td>\n      <td>-0.024478</td>\n      <td>0.044300</td>\n      <td>0.070703</td>\n    </tr>\n    <tr>\n      <th>KitchenAbvGr</th>\n      <td>-0.006069</td>\n      <td>-0.017784</td>\n      <td>-0.081007</td>\n      <td>-0.040751</td>\n      <td>0.030086</td>\n      <td>-0.068901</td>\n      <td>0.068101</td>\n      <td>0.059306</td>\n      <td>0.007522</td>\n      <td>0.100063</td>\n      <td>-0.041503</td>\n      <td>-0.037944</td>\n      <td>0.133115</td>\n      <td>-0.068263</td>\n      <td>0.198597</td>\n      <td>1.000000</td>\n      <td>0.256045</td>\n      <td>-0.123936</td>\n      <td>-0.124411</td>\n      <td>-0.050634</td>\n      <td>-0.064433</td>\n      <td>-0.090130</td>\n      <td>-0.070091</td>\n      <td>0.037312</td>\n      <td>-0.024600</td>\n      <td>-0.051613</td>\n      <td>-0.014525</td>\n    </tr>\n    <tr>\n      <th>TotRmsAbvGrd</th>\n      <td>0.352096</td>\n      <td>0.190015</td>\n      <td>0.044316</td>\n      <td>-0.035227</td>\n      <td>0.250647</td>\n      <td>0.285573</td>\n      <td>0.409516</td>\n      <td>0.616423</td>\n      <td>0.131185</td>\n      <td>0.825489</td>\n      <td>-0.053275</td>\n      <td>-0.023836</td>\n      <td>0.554784</td>\n      <td>0.343415</td>\n      <td>0.676620</td>\n      <td>0.256045</td>\n      <td>1.000000</td>\n      <td>0.326114</td>\n      <td>0.148112</td>\n      <td>0.362289</td>\n      <td>0.337822</td>\n      <td>0.165984</td>\n      <td>0.234192</td>\n      <td>0.004151</td>\n      <td>-0.006683</td>\n      <td>0.059383</td>\n      <td>0.083757</td>\n    </tr>\n    <tr>\n      <th>Fireplaces</th>\n      <td>0.266639</td>\n      <td>0.271364</td>\n      <td>0.260011</td>\n      <td>0.046921</td>\n      <td>0.051575</td>\n      <td>0.339519</td>\n      <td>0.410531</td>\n      <td>0.194561</td>\n      <td>-0.021272</td>\n      <td>0.461679</td>\n      <td>0.137928</td>\n      <td>0.028976</td>\n      <td>0.243671</td>\n      <td>0.203649</td>\n      <td>0.107570</td>\n      <td>-0.123936</td>\n      <td>0.326114</td>\n      <td>1.000000</td>\n      <td>0.046822</td>\n      <td>0.300789</td>\n      <td>0.269141</td>\n      <td>0.200019</td>\n      <td>0.169405</td>\n      <td>-0.024822</td>\n      <td>0.011257</td>\n      <td>0.184530</td>\n      <td>0.095074</td>\n    </tr>\n    <tr>\n      <th>GarageYrBlt</th>\n      <td>0.070250</td>\n      <td>-0.024947</td>\n      <td>0.153484</td>\n      <td>-0.088011</td>\n      <td>0.190708</td>\n      <td>0.322445</td>\n      <td>0.233449</td>\n      <td>0.070832</td>\n      <td>-0.036363</td>\n      <td>0.231197</td>\n      <td>0.124553</td>\n      <td>-0.077464</td>\n      <td>0.484557</td>\n      <td>0.196785</td>\n      <td>-0.064518</td>\n      <td>-0.124411</td>\n      <td>0.148112</td>\n      <td>0.046822</td>\n      <td>1.000000</td>\n      <td>0.588920</td>\n      <td>0.564567</td>\n      <td>0.224577</td>\n      <td>0.228425</td>\n      <td>-0.297003</td>\n      <td>0.023544</td>\n      <td>-0.075418</td>\n      <td>-0.014501</td>\n    </tr>\n    <tr>\n      <th>GarageCars</th>\n      <td>0.285691</td>\n      <td>0.154871</td>\n      <td>0.224054</td>\n      <td>-0.038264</td>\n      <td>0.214175</td>\n      <td>0.434585</td>\n      <td>0.439317</td>\n      <td>0.183926</td>\n      <td>-0.094480</td>\n      <td>0.467247</td>\n      <td>0.131881</td>\n      <td>-0.020891</td>\n      <td>0.469672</td>\n      <td>0.219178</td>\n      <td>0.086106</td>\n      <td>-0.050634</td>\n      <td>0.362289</td>\n      <td>0.300789</td>\n      <td>0.588920</td>\n      <td>1.000000</td>\n      <td>0.882475</td>\n      <td>0.226342</td>\n      <td>0.213569</td>\n      <td>-0.151434</td>\n      <td>0.035765</td>\n      <td>0.050494</td>\n      <td>0.020934</td>\n    </tr>\n    <tr>\n      <th>GarageArea</th>\n      <td>0.344997</td>\n      <td>0.180403</td>\n      <td>0.296970</td>\n      <td>-0.018227</td>\n      <td>0.183303</td>\n      <td>0.486665</td>\n      <td>0.489782</td>\n      <td>0.138347</td>\n      <td>-0.067601</td>\n      <td>0.468997</td>\n      <td>0.179189</td>\n      <td>-0.024536</td>\n      <td>0.405656</td>\n      <td>0.163549</td>\n      <td>0.065253</td>\n      <td>-0.064433</td>\n      <td>0.337822</td>\n      <td>0.269141</td>\n      <td>0.564567</td>\n      <td>0.882475</td>\n      <td>1.000000</td>\n      <td>0.224666</td>\n      <td>0.241435</td>\n      <td>-0.121777</td>\n      <td>0.035087</td>\n      <td>0.051412</td>\n      <td>0.061047</td>\n    </tr>\n    <tr>\n      <th>WoodDeckSF</th>\n      <td>0.088521</td>\n      <td>0.171698</td>\n      <td>0.204306</td>\n      <td>0.067898</td>\n      <td>-0.005316</td>\n      <td>0.232019</td>\n      <td>0.235459</td>\n      <td>0.092165</td>\n      <td>-0.025444</td>\n      <td>0.247433</td>\n      <td>0.175315</td>\n      <td>0.040161</td>\n      <td>0.187703</td>\n      <td>0.108080</td>\n      <td>0.046854</td>\n      <td>-0.090130</td>\n      <td>0.165984</td>\n      <td>0.200019</td>\n      <td>0.224577</td>\n      <td>0.226342</td>\n      <td>0.224666</td>\n      <td>1.000000</td>\n      <td>0.058661</td>\n      <td>-0.125989</td>\n      <td>-0.032771</td>\n      <td>-0.074181</td>\n      <td>0.073378</td>\n    </tr>\n    <tr>\n      <th>OpenPorchSF</th>\n      <td>0.151972</td>\n      <td>0.084774</td>\n      <td>0.111761</td>\n      <td>0.003093</td>\n      <td>0.129005</td>\n      <td>0.247264</td>\n      <td>0.211671</td>\n      <td>0.208026</td>\n      <td>0.018251</td>\n      <td>0.330224</td>\n      <td>0.067341</td>\n      <td>-0.025324</td>\n      <td>0.259977</td>\n      <td>0.199740</td>\n      <td>0.093810</td>\n      <td>-0.070091</td>\n      <td>0.234192</td>\n      <td>0.169405</td>\n      <td>0.228425</td>\n      <td>0.213569</td>\n      <td>0.241435</td>\n      <td>0.058661</td>\n      <td>1.000000</td>\n      <td>-0.093079</td>\n      <td>-0.005842</td>\n      <td>0.074304</td>\n      <td>0.060762</td>\n    </tr>\n    <tr>\n      <th>EnclosedPorch</th>\n      <td>0.010700</td>\n      <td>-0.018340</td>\n      <td>-0.102303</td>\n      <td>0.036543</td>\n      <td>-0.002538</td>\n      <td>-0.095478</td>\n      <td>-0.065292</td>\n      <td>0.061989</td>\n      <td>0.061081</td>\n      <td>0.009113</td>\n      <td>-0.049911</td>\n      <td>-0.008555</td>\n      <td>-0.115093</td>\n      <td>-0.095317</td>\n      <td>0.041570</td>\n      <td>0.037312</td>\n      <td>0.004151</td>\n      <td>-0.024822</td>\n      <td>-0.297003</td>\n      <td>-0.151434</td>\n      <td>-0.121777</td>\n      <td>-0.125989</td>\n      <td>-0.093079</td>\n      <td>1.000000</td>\n      <td>-0.037305</td>\n      <td>-0.082864</td>\n      <td>0.054203</td>\n    </tr>\n    <tr>\n      <th>3SsnPorch</th>\n      <td>0.070029</td>\n      <td>0.020423</td>\n      <td>0.026451</td>\n      <td>-0.029993</td>\n      <td>0.020764</td>\n      <td>0.037384</td>\n      <td>0.056104</td>\n      <td>-0.024358</td>\n      <td>-0.004296</td>\n      <td>0.020643</td>\n      <td>-0.000106</td>\n      <td>0.035114</td>\n      <td>0.035353</td>\n      <td>-0.004972</td>\n      <td>-0.024478</td>\n      <td>-0.024600</td>\n      <td>-0.006683</td>\n      <td>0.011257</td>\n      <td>0.023544</td>\n      <td>0.035765</td>\n      <td>0.035087</td>\n      <td>-0.032771</td>\n      <td>-0.005842</td>\n      <td>-0.037305</td>\n      <td>1.000000</td>\n      <td>-0.031436</td>\n      <td>-0.007992</td>\n    </tr>\n    <tr>\n      <th>ScreenPorch</th>\n      <td>0.041383</td>\n      <td>0.043160</td>\n      <td>0.062021</td>\n      <td>0.088871</td>\n      <td>-0.012579</td>\n      <td>0.084489</td>\n      <td>0.088758</td>\n      <td>0.040606</td>\n      <td>0.026799</td>\n      <td>0.101510</td>\n      <td>0.023148</td>\n      <td>0.032121</td>\n      <td>-0.008106</td>\n      <td>0.072426</td>\n      <td>0.044300</td>\n      <td>-0.051613</td>\n      <td>0.059383</td>\n      <td>0.184530</td>\n      <td>-0.075418</td>\n      <td>0.050494</td>\n      <td>0.051412</td>\n      <td>-0.074181</td>\n      <td>0.074304</td>\n      <td>-0.082864</td>\n      <td>-0.031436</td>\n      <td>1.000000</td>\n      <td>0.051307</td>\n    </tr>\n    <tr>\n      <th>PoolArea</th>\n      <td>0.206167</td>\n      <td>0.077672</td>\n      <td>0.140491</td>\n      <td>0.041709</td>\n      <td>-0.035092</td>\n      <td>0.126053</td>\n      <td>0.131525</td>\n      <td>0.081487</td>\n      <td>0.062157</td>\n      <td>0.170205</td>\n      <td>0.067616</td>\n      <td>0.020025</td>\n      <td>0.049604</td>\n      <td>0.022381</td>\n      <td>0.070703</td>\n      <td>-0.014525</td>\n      <td>0.083757</td>\n      <td>0.095074</td>\n      <td>-0.014501</td>\n      <td>0.020934</td>\n      <td>0.061047</td>\n      <td>0.073378</td>\n      <td>0.060762</td>\n      <td>0.054203</td>\n      <td>-0.007992</td>\n      <td>0.051307</td>\n      <td>1.000000</td>\n    </tr>\n  </tbody>\n</table>\n</div>"},"metadata":{},"execution_count":4}],"source":["ames_p.corr()"]},{"cell_type":"markdown","metadata":{},"source":["Return `True` for positive or negative correlations that are bigger than 0.75 in the correlation matrix: "]},{"cell_type":"code","execution_count":5,"metadata":{},"outputs":[{"output_type":"execute_result","data":{"text/plain":"               LotFrontage  LotArea  BsmtFinSF1  BsmtFinSF2  BsmtUnfSF  \\\nLotFrontage           True    False       False       False      False   \nLotArea              False     True       False       False      False   \nBsmtFinSF1           False    False        True       False      False   \nBsmtFinSF2           False    False       False        True      False   \nBsmtUnfSF            False    False       False       False       True   \nTotalBsmtSF          False    False       False       False      False   \n1stFlrSF             False    False       False       False      False   \n2ndFlrSF             False    False       False       False      False   \nLowQualFinSF         False    False       False       False      False   \nGrLivArea            False    False       False       False      False   \nBsmtFullBath         False    False       False       False      False   \nBsmtHalfBath         False    False       False       False      False   \nFullBath             False    False       False       False      False   \nHalfBath             False    False       False       False      False   \nBedroomAbvGr         False    False       False       False      False   \nKitchenAbvGr         False    False       False       False      False   \nTotRmsAbvGrd         False    False       False       False      False   \nFireplaces           False    False       False       False      False   \nGarageYrBlt          False    False       False       False      False   \nGarageCars           False    False       False       False      False   \nGarageArea           False    False       False       False      False   \nWoodDeckSF           False    False       False       False      False   \nOpenPorchSF          False    False       False       False      False   \nEnclosedPorch        False    False       False       False      False   \n3SsnPorch            False    False       False       False      False   \nScreenPorch          False    False       False       False     